3.0,
3.0,
3.0,
3.0,
3.0,
3.0,
3.0,
3.0,
3.0,
3.0,
3.0,
3.0,
3.0,
3.0,
3.0,
3.0,
3.0,
3.0,
3.0,
3.0,
3.0,
3.0,
3.0,
3.0,
3.0,
3.0,
3.0,
3.0,
3.0,
3.0,
3.0,
3.0,
3.0,
3.0,
3.0,
3.0,
3.0,
3.0,
3.0,
3.0,
3.0,
3.0,
3.0,
3.0,
3.0,
3.0,
3.0,
3.0,
3.0,
3.0,
3.0,
3.0,
3.0,
3.0,
3.0,
3.0,
3.0,
3.0,
3.0,
3.0,
3.0,
3.0,
3.0,
3.0,
3.0,
3.0,
3.0,
3.0,
3.0,
3.0,
3.0,
3.0,
3.0,
3.0,
3.0,
3.0,
3.0,
3.0,
3.0,
3.0,
3.0,
3.0,
3.0,
3.0,
3.0,
3.0,
3.0,
3.0,
3.0,
3.0,
3.0,
3.0,
3.0,
3.0,
3.0,
3.0,
3.0,
3.0,
3.0,
3.0,
3.0,
3.0,
3.0,
3.0,
3.0,
3.0,
3.0,
3.0,
3.0,
3.0,
3.0,
3.0,
3.0,
3.0,
3.0,
3.0,
3.0,
3.0,
3.0,
3.0,
3.0,
3.0,
3.0,
3.0,
3.0,
1.9645161290322581,
1.9645161290322581,
1.9645161290322581,
1.9645161290322581,
1.9645161290322581,
2.4290322580645163,
2.4290322580645163,
2.4290322580645163,
2.4290322580645163,
2.4290322580645163,
2.893548387096774,
2.893548387096774,
2.893548387096774,
2.893548387096774,
2.893548387096774,
3.3580645161290326,
3.3580645161290326,
3.3580645161290326,
3.3580645161290326,
3.3580645161290326,
3.3848167539267013,
3.3848167539267013,
3.3848167539267013,
3.3848167539267013,
3.3848167539267013,
1.8850267379679144,
1.8850267379679144,
1.8850267379679144,
1.8850267379679144,
1.8850267379679144,
2.270053475935829,
2.270053475935829,
2.270053475935829,
2.270053475935829,
2.270053475935829,
2.6550802139037435,
2.6550802139037435,
2.6550802139037435,
2.6550802139037435,
2.6550802139037435,
3.0401069518716577,
3.0401069518716577,
3.0401069518716577,
3.0401069518716577,
3.0401069518716577,
3.1143497757847536,
3.1143497757847536,
3.1143497757847536,
3.1143497757847536,
3.1143497757847536,
1.8287671232876712,
1.8287671232876712,
1.8287671232876712,
1.8287671232876712,
1.8287671232876712,
2.1575342465753424,
2.1575342465753424,
2.1575342465753424,
2.1575342465753424,
2.1575342465753424,
2.4863013698630136,
2.4863013698630136,
2.4863013698630136,
2.4863013698630136,
2.4863013698630136,
2.815068493150685,
2.815068493150685,
2.815068493150685,
2.815068493150685,
2.815068493150685,
2.9117647058823533,
2.9117647058823533,
2.9117647058823533,
2.9117647058823533,
2.9117647058823533,
1.7868525896414342,
1.7868525896414342,
1.7868525896414342,
1.7868525896414342,
1.7868525896414342,
2.0737051792828685,
2.0737051792828685,
2.0737051792828685,
2.0737051792828685,
2.0737051792828685,
2.360557768924303,
2.360557768924303,
2.360557768924303,
2.360557768924303,
2.360557768924303,
2.647410358565737,
2.647410358565737,
2.647410358565737,
2.647410358565737,
2.647410358565737,
2.7543554006968645,
2.7543554006968645,
2.7543554006968645,
2.7543554006968645,
2.7543554006968645,
1.754416961130742,
1.754416961130742,
1.754416961130742,
1.754416961130742,
1.754416961130742,
2.008833922261484,
2.008833922261484,
2.008833922261484,
2.008833922261484,
2.008833922261484,
2.2632508833922262,
2.2632508833922262,
2.2632508833922262,
2.2632508833922262,
2.2632508833922262,
2.5176678445229683,
2.5176678445229683,
2.5176678445229683,
2.5176678445229683,
2.5176678445229683,
2.628526645768025,
2.628526645768025,
2.628526645768025,
2.628526645768025,
2.628526645768025,
1.5217391304347827,
1.5217391304347827,
1.5217391304347827,
1.5217391304347827,
1.5217391304347827,
2.0434782608695654,
2.0434782608695654,
2.0434782608695654,
2.0434782608695654,
2.0434782608695654,
2.5652173913043477,
2.5652173913043477,
2.5652173913043477,
2.5652173913043477,
2.5652173913043477,
3.0869565217391304,
3.0869565217391304,
3.0869565217391304,
3.0869565217391304,
3.0869565217391304,
3.068965517241379,
3.068965517241379,
3.068965517241379,
3.068965517241379,
3.068965517241379,
1.3870967741935485,
1.3870967741935485,
1.3870967741935485,
1.3870967741935485,
1.3870967741935485,
1.7741935483870968,
1.7741935483870968,
1.7741935483870968,
1.7741935483870968,
1.7741935483870968,
2.161290322580645,
2.161290322580645,
2.161290322580645,
2.161290322580645,
2.161290322580645,
2.5483870967741935,
2.5483870967741935,
2.5483870967741935,
2.5483870967741935,
2.5483870967741935,
2.6216216216216215,
2.6216216216216215,
2.6216216216216215,
2.6216216216216215,
2.6216216216216215,
1.3076923076923077,
1.3076923076923077,
1.3076923076923077,
1.3076923076923077,
1.3076923076923077,
1.6153846153846154,
1.6153846153846154,
1.6153846153846154,
1.6153846153846154,
1.6153846153846154,
1.9230769230769231,
1.9230769230769231,
1.9230769230769231,
1.9230769230769231,
1.9230769230769231,
2.230769230769231,
2.230769230769231,
2.230769230769231,
2.230769230769231,
2.230769230769231,
2.333333333333333,
2.333333333333333,
2.333333333333333,
2.333333333333333,
2.333333333333333,
1.2553191489361701,
1.2553191489361701,
1.2553191489361701,
1.2553191489361701,
1.2553191489361701,
1.5106382978723405,
1.5106382978723405,
1.5106382978723405,
1.5106382978723405,
1.5106382978723405,
1.7659574468085106,
1.7659574468085106,
1.7659574468085106,
1.7659574468085106,
1.7659574468085106,
2.021276595744681,
2.021276595744681,
2.021276595744681,
2.021276595744681,
2.021276595744681,
2.1320754716981134,
2.1320754716981134,
2.1320754716981134,
2.1320754716981134,
2.1320754716981134,
1.2181818181818183,
1.2181818181818183,
1.2181818181818183,
1.2181818181818183,
1.2181818181818183,
1.4363636363636365,
1.4363636363636365,
1.4363636363636365,
1.4363636363636365,
1.4363636363636365,
1.6545454545454545,
1.6545454545454545,
1.6545454545454545,
1.6545454545454545,
1.6545454545454545,
1.8727272727272728,
1.8727272727272728,
1.8727272727272728,
1.8727272727272728,
1.8727272727272728,
1.9836065573770494,
1.9836065573770494,
1.9836065573770494,
1.9836065573770494,
1.9836065573770494,
1.2736363636363637,
1.2736363636363637,
1.2736363636363637,
1.2736363636363637,
1.2736363636363637,
1.7972727272727274,
1.7972727272727274,
1.7972727272727274,
1.7972727272727274,
1.7972727272727274,
2.3209090909090913,
2.3209090909090913,
2.3209090909090913,
2.3209090909090913,
2.3209090909090913,
2.8445454545454547,
2.8445454545454547,
2.8445454545454547,
2.8445454545454547,
2.8445454545454547,
2.82492795389049,
2.82492795389049,
2.82492795389049,
2.82492795389049,
2.82492795389049,
1.1073200992555832,
1.1073200992555832,
1.1073200992555832,
1.1073200992555832,
1.1073200992555832,
1.4646401985111663,
1.4646401985111663,
1.4646401985111663,
1.4646401985111663,
1.4646401985111663,
1.8219602977667493,
1.8219602977667493,
1.8219602977667493,
1.8219602977667493,
1.8219602977667493,
2.1792803970223327,
2.1792803970223327,
2.1792803970223327,
2.1792803970223327,
2.1792803970223327,
2.265789473684211,
2.265789473684211,
2.265789473684211,
2.265789473684211,
2.265789473684211,
1.021186440677966,
1.021186440677966,
1.021186440677966,
1.021186440677966,
1.021186440677966,
1.292372881355932,
1.292372881355932,
1.292372881355932,
1.292372881355932,
1.292372881355932,
1.5635593220338984,
1.5635593220338984,
1.5635593220338984,
1.5635593220338984,
1.5635593220338984,
1.8347457627118644,
1.8347457627118644,
1.8347457627118644,
1.8347457627118644,
1.8347457627118644,
1.9440298507462686,
1.9440298507462686,
1.9440298507462686,
1.9440298507462686,
1.9440298507462686,
0.9685128983308042,
0.9685128983308042,
0.9685128983308042,
0.9685128983308042,
0.9685128983308042,
1.1870257966616085,
1.1870257966616085,
1.1870257966616085,
1.1870257966616085,
1.1870257966616085,
1.405538694992413,
1.405538694992413,
1.405538694992413,
1.405538694992413,
1.405538694992413,
1.6240515933232171,
1.6240515933232171,
1.6240515933232171,
1.6240515933232171,
1.6240515933232171,
1.7349521203830371,
1.7349521203830371,
1.7349521203830371,
1.7349521203830371,
1.7349521203830371,
0.9329733163913596,
0.9329733163913596,
0.9329733163913596,
0.9329733163913596,
0.9329733163913596,
1.1159466327827192,
1.1159466327827192,
1.1159466327827192,
1.1159466327827192,
1.1159466327827192,
1.2989199491740788,
1.2989199491740788,
1.2989199491740788,
1.2989199491740788,
1.2989199491740788,
1.4818932655654384,
1.4818932655654384,
1.4818932655654384,
1.4818932655654384,
1.4818932655654384,
1.5881839348079163,
1.5881839348079163,
1.5881839348079163,
1.5881839348079163,
1.5881839348079163,
1.1013927576601672,
1.1013927576601672,
1.1013927576601672,
1.1013927576601672,
1.1013927576601672,
1.6027855153203343,
1.6027855153203343,
1.6027855153203343,
1.6027855153203343,
1.6027855153203343,
2.1041782729805014,
2.1041782729805014,
2.1041782729805014,
2.1041782729805014,
2.1041782729805014,
2.6055710306406685,
2.6055710306406685,
2.6055710306406685,
2.6055710306406685,
2.6055710306406685,
2.60445434298441,
2.60445434298441,
2.60445434298441,
2.60445434298441,
2.60445434298441,
0.9220035778175313,
0.9220035778175313,
0.9220035778175313,
0.9220035778175313,
0.9220035778175313,
1.2440071556350625,
1.2440071556350625,
1.2440071556350625,
1.2440071556350625,
1.2440071556350625,
1.566010733452594,
1.566010733452594,
1.566010733452594,
1.566010733452594,
1.566010733452594,
1.8880143112701253,
1.8880143112701253,
1.8880143112701253,
1.8880143112701253,
1.8880143112701253,
1.9867488443759629,
1.9867488443759629,
1.9867488443759629,
1.9867488443759629,
1.9867488443759629,
0.8371541501976284,
0.8371541501976284,
0.8371541501976284,
0.8371541501976284,
0.8371541501976284,
1.074308300395257,
1.074308300395257,
1.074308300395257,
1.074308300395257,
1.074308300395257,
1.3114624505928854,
1.3114624505928854,
1.3114624505928854,
1.3114624505928854,
1.3114624505928854,
1.5486166007905138,
1.5486166007905138,
1.5486166007905138,
1.5486166007905138,
1.5486166007905138,
1.660070671378092,
1.660070671378092,
1.660070671378092,
1.660070671378092,
1.660070671378092,
0.7876955161626694,
0.7876955161626694,
0.7876955161626694,
0.7876955161626694,
0.7876955161626694,
0.9753910323253387,
0.9753910323253387,
0.9753910323253387,
0.9753910323253387,
0.9753910323253387,
1.1630865484880082,
1.1630865484880082,
1.1630865484880082,
1.1630865484880082,
1.1630865484880082,
1.3507820646506776,
1.3507820646506776,
1.3507820646506776,
1.3507820646506776,
1.3507820646506776,
1.457959961868446,
1.457959961868446,
1.457959961868446,
1.457959961868446,
1.457959961868446,
0.7553062985332182,
0.7553062985332182,
0.7553062985332182,
0.7553062985332182,
0.7553062985332182,
0.9106125970664365,
0.9106125970664365,
0.9106125970664365,
0.9106125970664365,
0.9106125970664365,
1.0659188955996548,
1.0659188955996548,
1.0659188955996548,
1.0659188955996548,
1.0659188955996548,
1.221225194132873,
1.221225194132873,
1.221225194132873,
1.221225194132873,
1.221225194132873,
1.320576461168935,
1.320576461168935,
1.320576461168935,
1.320576461168935,
1.320576461168935,
