258
64
466
386
128
323
379
161
129
289
101
478
475
199
121
66
474
306
345
416
348
60
268
140
107
103
216
170
100
7
441
442
498
105
467
252
495
91
264
490
115
375
404
429
330
401
296
153
426
376
324
263
453
78
246
111
183
34
294
436
159
49
143
298
355
11
413
341
74
255
125
304
57
417
148
382
439
240
496
97
438
142
432
483
424
168
30
176
447
318
278
437
489
79
446
366
157
187
271
53
411
460
225
19
17
208
0
80
89
410
481
449
4
445
18
220
47
344
226
352
42
76
281
180
315
287
331
434
239
312
137
96
351
250
72
173
135
317
25
444
456
46
2
470
425
371
491
138
387
423
41
112
139
397
110
118
232
132
181
257
134
32
102
98
65
77
395
469
194
378
52
394
14
370
297
205
427
335
488
303
440
480
230
213
206
186
59
31
347
90
218
169
15
477
350
234
362
156
369
33
402
35
130
476
336
117
21
36
119
45
353
262
209
270
471
464
238
420
385
338
368
200
251
70
337
147
277
311
463
27
391
308
392
458
22
133
269
184
55
332
373
68
182
364
343
494
329
340
71
151
390
222
342
280
192
302
291
455
243
284
202
283
325
295
150
69
443
399
201
191
300
421
272
210
396
73
435
314
163
6
8
414
160
292
212
197
279
108
189
126
5
179
316
193
406
398
450
486
322
389
154
224
144
457
127
245
172
454
468
131
155
492
247
63
334
282
497
227
451
363
123
231
164
248
149
400
93
20
274
422
50
261
358
237
409
244
339
254
87
62
81
85
141
346
319
485
377
430
99
165
367
190
113
285
12
39
171
276
357
84
83
487
479
174
75
29
267
407
259
452
310
1
16
51
359
109
56
372
37
188
265
48
408
499
13
349
195
233
120
221
28
431
472
58
214
236
260
136
235
393
185
309
333
92
106
361
328
266
275
44
448
223
196
380
152
219
229
465
198
249
288
178
354
124
215
82
374
412
228
459
360
381
256
462
388
207
326
482
88
122
177
146
290
484
383
301
473
415
365
95
204
43
273
418
167
356
405
320
166
433
321
94
23
241
403
384
9
3
217
158
493
10
54
242
38
253
104
175
293
67
162
26
286
327
461
313
116
299
86
61
211
40
24
203
114
307
305
428
145
419
