1.2755102040816326,
1.4705882352941178,
1.5772870662460567,
1.4492753623188406,
1.706484641638225,
1.7543859649122806,
1.3966480446927374,
1.3966480446927374,
1.7543859649122806,
1.4084507042253522,
1.5772870662460567,
1.773049645390071,
1.7241379310344829,
1.8315018315018314,
1.6666666666666667,
1.7361111111111112,
1.8867924528301887,
1.945525291828794,
1.773049645390071,
1.4880952380952381,
1.3477088948787062,
1.4204545454545454,
1.25,
1.3774104683195594,
1.3089005235602096,
1.5625,
1.5527950310559004,
1.8050541516245486,
1.4705882352941178,
1.392757660167131,
1.845018450184502,
1.7361111111111112,
1.7421602787456445,
1.6666666666666667,
1.7421602787456445,
1.440922190201729,
1.7985611510791368,
1.9920318725099604,
1.858736059479554,
1.41643059490085,
1.4792899408284024,
1.6666666666666667,
1.4044943820224718,
1.6666666666666667,
1.4925373134328357,
1.5015015015015014,
1.4534883720930232,
1.5015015015015014,
1.8181818181818181,
1.6129032258064515,
1.7182130584192439,
1.4836795252225519,
1.5337423312883436,
1.706484641638225,
1.5625,
1.6501650165016504,
1.5105740181268883,
1.7605633802816902,
1.7421602787456445,
2.7472527472527473,
2.9940119760479043,
3.144654088050314,
2.032520325203252,
1.7421602787456445,
2.242152466367713,
2.173913043478261,
1.572327044025157,
1.4367816091954022,
2.5906735751295336,
1.6286644951140066,
2.7472527472527473,
1.5822784810126582,
1.7985611510791368,
1.4285714285714286,
1.597444089456869,
2.336448598130841,
2.0161290322580645,
1.9841269841269842,
2.1645021645021645,
1.597444089456869,
1.6025641025641024,
1.592356687898089,
1.838235294117647,
2.4875621890547266,
1.6233766233766234,
1.5822784810126582,
2.212389380530974,
1.557632398753894,
1.8181818181818181,
1.557632398753894,
2.202643171806167,
1.8867924528301887,
2.4271844660194173,
1.5151515151515151,
1.6891891891891893,
1.9011406844106464,
2.212389380530974,
1.824817518248175,
1.8050541516245486,
1.7667844522968197,
1.6891891891891893,
1.8050541516245486,
1.4792899408284024,
2.0491803278688523,
1.400560224089636,
1.5151515151515151,
1.5772870662460567,
2.066115702479339,
1.6556291390728477,
1.5337423312883436,
1.7793594306049823,
1.7985611510791368,
2.0,
2.1645021645021645,
1.567398119122257,
1.7421602787456445,
1.5015015015015014,
1.6891891891891893,
2.3584905660377355,
1.639344262295082,
1.4749262536873156,
1.3550135501355014,
1.6025641025641024,
1.6129032258064515,
1.3736263736263736,
1.524390243902439,
1.7605633802816902,
2.0491803278688523,
1.7985611510791368,
1.945525291828794,
3.875968992248062,
3.5211267605633805,
3.676470588235294,
3.875968992248062,
3.3112582781456954,
3.1645569620253164,
3.937007874015748,
2.9585798816568047,
2.7472527472527473,
2.3255813953488373,
2.1645021645021645,
2.0242914979757085,
2.4271844660194173,
2.439024390243903,
2.5,
2.9761904761904763,
3.7593984962406015,
2.6881720430107525,
3.0864197530864197,
3.7593984962406015,
3.846153846153846,
3.4013605442176873,
3.7593984962406015,
3.3112582781456954,
3.225806451612903,
3.3783783783783785,
3.048780487804878,
2.8901734104046244,
2.5510204081632653,
2.8089887640449436,
3.1645569620253164,
2.7472527472527473,
2.3696682464454977,
2.857142857142857,
2.9761904761904763,
2.857142857142857,
3.205128205128205,
2.857142857142857,
2.7777777777777777,
2.604166666666667,
2.73224043715847,
3.067484662576687,
2.9239766081871346,
2.8735632183908044,
3.205128205128205,
3.205128205128205,
3.0864197530864197,
3.125,
