Oval 286 106 168 261 0 255 51
Line 296 284 329 277 255 0 51
Line 329 280 344 253 255 0 51
Oval 311 196 33 15 255 255 255
Oval 302 193 54 30 255 255 255
Oval 317 199 15 18 51 51 255
Line 308 184 308 199 153 80 0
Line 314 184 317 193 153 80 0
Line 323 184 323 193 153 80 0
Line 335 184 329 196 153 80 0
Line 347 187 338 196 153 80 0
Line 353 190 350 196 153 80 0
Rectangle 302 172 48 9 153 80 0
Tree 327 130 9 30 153 80 0 8896490291195183465
Tree 344 118 24 24 153 80 0 -1372928461606507817
Tree 368 127 30 36 153 80 0 -6576829712384854462
Tree 384 133 21 27 153 80 0 -779175471002900345
Tree 407 142 30 18 153 80 0 4897228005098310834
Tree 398 133 30 9 153 80 0 -7035382005320112914
Tree 437 163 30 6 153 80 0 31190223614244171
Tree 423 187 39 39 153 80 0 -5522220427405381526
Tree 390 151 33 27 153 80 0 5717037658259920286
Tree 359 142 24 27 153 80 0 1294275742398322747
Tree 348 142 27 36 153 80 0 -1008110171511505565
Tree 405 175 33 27 153 80 0 5465571430054853154
Tree 431 196 30 21 153 80 0 1200525352404470429
Tree 446 214 18 24 153 80 0 1863501119629365957
Tree 420 145 21 24 153 80 0 -8752661665232336176
Tree 402 124 33 15 153 80 0 -8735541708703872210
Tree 440 154 30 15 153 80 0 5060419334796875317
Tree 428 151 30 21 153 80 0 5152711216542724732
Tree 413 169 54 54 153 80 0 -6010661302611177148
Tree 393 148 63 48 153 80 0 8023820544286573273
Tree 371 151 54 48 153 80 0 -5446697692738057238
Tree 191 484 168 399 153 80 0 2191638039140860004
Dot 399 205 255 0 0
Dot 414 202 255 0 0
Dot 420 214 255 0 0
Dot 414 226 255 0 0
Dot 396 223 255 0 0
Dot 411 214 255 0 0
Dot 408 220 255 0 0
Dot 402 229 255 0 0
Dot 417 235 255 0 0
Dot 399 211 255 0 0
Dot 408 214 255 0 0
Dot 408 208 255 0 0
Dot 408 199 255 0 0
Dot 402 220 255 0 0
Dot 408 235 255 0 0
Dot 420 220 255 0 0
Dot 420 208 255 0 0
Dot 321 208 0 0 0
