Rectangle 137 4 477 264 102 255 255
Rectangle 137 265 477 36 0 255 0
Dot 221 136 255 0 1
Dot 275 184 255 0 1
Dot 305 109 255 0 1
Dot 386 109 255 0 1
Dot 431 181 255 0 1
Dot 464 136 255 0 1
Dot 539 133 255 0 1
Dot 605 232 255 0 1
Dot 548 148 255 0 1
Dot 512 178 255 0 1
Dot 446 181 255 0 1
Dot 377 154 255 0 1
Dot 365 181 255 0 1
Dot 335 193 255 0 1
Dot 242 220 255 0 1
Dot 221 184 255 0 1
Dot 206 175 255 0 1
Dot 212 163 255 0 1
Dot 281 157 255 0 1
Dot 311 157 255 0 1
Dot 338 88 255 0 1
Dot 488 100 255 0 1
Dot 497 103 255 0 1
Oval 494 43 45 42 255 255 0
Line 491 265 423 219 97 58 22
Line 546 217 411 216 97 58 22
Line 497 265 534 216 97 58 22
Line 242 223 242 265 0 0 0
Line 605 235 608 265 0 0 0
