Rect -256 -87 1357 803 0 0 0
Rect 356 345 134 63 154 189 30
Rect 482 456 11 12 154 189 30
Oval 550 391 76  92 154 189 30
Oval 510 354 128  84 154 189 30
Tree 505 232 510 147 154 189 30 1284969404162
Tree 504 267 484 201 154 189 30 1284969404619
Tree 479 221 455 210 154 189 30 1284969405131
Tree 159 310 182 269 154 189 30 1284969406043
Tree 218 308 217 312 154 189 30 1284969406371
Tree 186 355 175 379 154 189 30 1284969406611
Tree 163 397 144 418 154 189 30 1284969406819
Rect 645 196 146 124 154 189 30
Oval 124 49 84  98 154 189 30
Dot 153 76 3 11 135
Dot 176 77 3 11 135
Oval 146 106 40  20 3 11 135
Oval 269 274 134  24 3 11 135
Oval 303 356 34  110 102 255 204
Tree 683 464 752 448 102 255 204 1284969431417
Tree 739 371 707 450 102 255 204 1284969431921
Tree 694 415 695 434 102 255 204 1284969433017
Tree 724 455 692 407 102 255 204 1284969433713
Tree 724 444 725 418 102 255 204 1284969434305
Tree 729 446 744 436 102 255 204 1284969434800
Tree 739 462 750 474 102 255 204 1284969435248
Tree 750 459 731 470 102 255 204 1284969435736
Tree 728 455 719 475 102 255 204 1284969436184
Tree 720 444 685 440 102 255 204 1284969436624
Tree 690 440 679 436 102 255 204 1284969436968
Tree 721 450 736 436 102 255 204 1284969437360
Tree 736 470 748 476 102 255 204 1284969437712
Tree 746 452 756 463 102 255 204 1284969438145
Tree 740 442 733 467 102 255 204 1284969438632
Oval 105 27 134  22 255 255 153
Oval 111 29 116  16 0 0 0
Dot 104 58 204 204 204
Dot 102 106 204 204 204
Dot 104 145 204 204 204
Dot 160 160 204 204 204
Dot 215 152 204 204 204
Dot 239 149 204 204 204
Dot 216 148 204 204 204
Dot 236 89 204 204 204
Dot 239 75 204 204 204
Dot 225 56 204 204 204
Dot 231 55 204 204 204
Dot 232 51 204 204 204
Dot 194 33 204 204 204
Dot 157 30 204 204 204
Dot 112 39 204 204 204
Dot 103 61 204 204 204
Dot 128 57 204 204 204
Dot 102 70 204 204 204
Dot 99 94 204 204 204
Dot 117 108 204 204 204
Dot 118 141 204 204 204
Dot 133 157 204 204 204
Dot 131 115 204 204 204
Dot 134 62 204 204 204
Dot 153 44 204 204 204
Dot 142 82 204 204 204
Dot 139 105 204 204 204
Dot 163 105 204 204 204
Dot 149 151 204 204 204
Dot 193 143 204 204 204
Dot 190 148 204 204 204
Dot 199 130 204 204 204
Dot 210 110 204 204 204
Dot 209 79 204 204 204
Dot 183 56 204 204 204
Dot 167 60 204 204 204
Dot 177 54 204 204 204
Dot 178 86 204 204 204
Dot 174 98 204 204 204
Dot 158 122 204 204 204
Dot 184 134 204 204 204
Dot 203 132 204 204 204
Dot 208 142 204 204 204
Dot 221 101 204 204 204
Dot 219 76 204 204 204
Dot 204 61 204 204 204
Dot 156 58 204 204 204
Dot 128 53 204 204 204
Dot 115 50 204 204 204
Dot 97 72 204 204 204
Dot 108 72 204 204 204
Dot 88 128 204 204 204
Dot 118 153 204 204 204
